28
28
28
28
28
28
43
43
44
44
44
44
44
44
44
44
44
44
44
44
44
44
44
44
44
44
45
45
46
46
47
47
359
359
359
358
358
359
359
359
359
359
282
280
278
278
278
254
254
254
254
254
254
254
254
254
254
254
254
254
254
254
254
254
254
254
254
254
254
254
254
254
254
254
254
254
254
254
254
254
254
254
254
254
254
254
254
254
254
254
270
270
270
270
270
270
270
270
270
270
270
270
270
270
270
270
270
270
270
270
270
270
270
270
270
270
270
270
270
270
270
270
270
270
270
270
270
270
270
270
270
270
222
222
222
222
222
222
222
222
222
222
222
222
222
222
222
222
222
222
222
222
222
222
222
222
222
222
222
222
222
222
222
222
222
222
222
222
222
222
222
222
222
222
222
222
222
222
222
222
222
222
222
222
222
222
222
222
222
222
148
146
145
145
144
144
144
144
144
144
144
144
144
144
144
144
144
144
144
144
144
144
143
143
143
143
142
142
142
142
142
142
142
142
142
142
126
126
126
126
126
126
126
126
126
126
126
126
126
126
126
126
126
126
126
126
126
126
126
126
126
126
126
126
126
126
126
126
126
126
126
126
126
126
126
126
126
126
126
126
126
126
126
126
-98
-99
-100
-101
-101
-101
-102
-102
-102
-102
-101
-101
-101
-101
-100
-100
-100
-100
-100
-100
-100
-100
-100
-100
-100
-100
-100
-100
-101
-101
-100
-100
-101
-101
-100
-100
-100
-100
-101
-101
-101
-101
-102
-102
-102
-102
-102
-102
-102
-102
-102
-102
-102
-102
-102
-102
-102
-102
-102
-102
-102
-102
-101
-101
-100
-100
-100
-100
-100
-100
-100
-100
-100
-100
-100
-100
-100
-100
-100
-100
-100
-100
-100
-100
-100
-100
-100
-100
-100
-100
-100
-100
-99
-99
-98
-97
-96
-94
-20
280
279
279
279
279
278
278
278
278
278
278
278
278
278
278
278
278
278
278
277
277
277
277
276
276
275
275
275
275
274
274
274
274
274
274
274
274
274
274
274
274
273
273
273
273
272
272
272
272
272
272
272
272
272
272
272
272
272
272
272
272
273
273
273
273
274
274
274
274
274
274
274
274
275
275
275
275
276
276
276
276
276
276
276
276
276
276
276
276
276
276
276
276
282
282
282
282
283
283
283
283
284
284
284
284
285
285
286
288
314
316
317
317
318
318
318
318
318
318
318
318
318
318
318
318
319
319
319
319
320
320
320
320
320
320
320
320
320
320
320
320
320
320
320
320
320
320
320
320
320
320
321
321
321
321
322
322
322
322
322
322
322
322
322
322
322
322
322
322
322
322
330
331
332
333
333
333
334
334
334
334
334
334
334
334
378
380
381
381
382
382
383
384
384
385
386
386
387
387
388
388
389
389
389
389
388
387
386
385
384
384
384
384
384
384
384
384
383
382
382
381
380
380
380
380
380
380
380
380
380
380
380
380
380
380
380
380
380
380
380
380
380
380
380
380
380
380
380
380
380
380
380
380
380
380
380
380
380
380
380
380
380
380
337
337
337
337
337
337
337
337
337
337
337
339
379
379
380
380
379
379
342
337
337
337
337
337
337
337
337
337
337
364
391
391
392
392
392
392
392
392
392
392
392
392
392
392
392
392
392
392
392
392
392
392
421
422
423
423
423
396
396
395
394
394
394
394
394
394
393
393
393
392
391
392
393
393
393
392
392
391
391
390
390
389
389
388
388
388
388
388
388
388
388
388
390
391
392
392
392
391
390
390
390
390
390
390
390
390
390
390
390
390
383
383
383
390
390
390
390
389
389
389
389
389
389
389
390
390
390
390
390
390
390
390
390
390
390
390
390
391
392
393
394
395
396
396
396
397
397
397
397
397
396
396
396
396
396
396
396
396
396
396
396
396
396
396
396
396
396
396
395
395
395
394
393
393
393
393
392
392
392
392
392
392
392
392
392
392
328
326
325
324
323
323
323
323
322
322
322
322
322
322
322
322
322
322
322
322
312
312
312
312
312
312
312
312
312
312
312
312
312
312
312
312
312
312
312
312
312
312
312
312
312
312
312
312
312
312
312
312
312
312
312
312
312
312
312
312
311
311
311
311
310
310
310
310
310
310
50
50
50
50
50
50
50
50
50
50
50
50
50
50
50
50
50
50
50
50
46
44
43
43
42
42
42
42
42
42
42
42
42
42
42
42
42
42
42
42
42
42
42
42
42
42
42
42
42
42
42
42
43
43
43
43
44
44
45
46
47
48
49
49
50
50
50
50
50
50
50
50
50
50
50
50
49
49
48
48
47
47
47
48
49
50
51
52
53
54
82
86
96
96
96
96
96
96
97
97
98
98
99
99
100
100
100
100
99
99
98
98
98
98
98
98
98
98
98
98
98
98
98
98
98
98
98
98
98
98
98
98
98
98
98
98
98
98
98
98
98
98
98
98
98
98
98
98
98
98
98
98
98
98
98
98
98
98
98
98
98
98
98
98
98
98
98
98
98
98
98
98
98
98
98
98
98
98
98
98
108
108
108
108
107
107
107
107
106
106
218
218
218
218
218
218
218
218
218
218
218
218
218
218
218
218
218
218
217
217
216
216
215
215
215
216
217
218
219
219
220
220
220
220
220
220
220
220
226
226
226
226
226
226
226
226
222
220
219
218
217
217
217
127
215
215
215
214
213
213
213
212
211
211
211
210
209
209
209
208
208
207
207
207
207
207
207
207
207
207
207
207
207
207
207
207
207
208
208
207
207
207
207
206
112
14
8
-2
-10
-18
-20
-20
-20
77
77
77
76
76
76
76
76
76
72
53
53
53
72
72
72
72
72
72
72
72
72
72
52
52
52
52
52
52
52
52
52
52
52
52
52
18
18
18
17
17
17
17
16
17
32
37
37
52
52
52
52
52
52
52
52
52
63
83
84
84
84
83
82
82
83
83
83
83
84
84
83
83
83
83
83
83
83
83
83
83
84
84
83
84
131
133
140
144
150
150
150
150
150
150
150
150
150
150
150
150
150
150
150
150
150
150
149
148
148
147
147
147
148
148
149
149
150
150
150
150
150
150
150
150
150
150
150
150
150
150
150
150
150
150
156
160
282
372
414
414
414
414
414
414
414
414
414
414
413
412
411
388
387
387
387
386
385
226
226
226
226
226
226
226
225
224
224
223
222
222
222
222
222
222
222
222
222
222
222
222
214
214
214
214
214
214
214
214
214
214
213
213
213
213
212
212
212
212
212
212
212
212
212
212
212
212
212
212
212
212
212
212
212
212
212
212
212
212
212
212
212
212
212
212
212
212
212
212
212
212
212
212
212
212
212
212
212
212
212
212
212
212
212
212
212
212
212
212
212
212
212
212
212
212
212
212
212
212
212
212
212
212
212
212
212
212
212
212
218
221
222
223
224
224
224
224
224
224
224
224
250
254
268
268
268
268
268
268
268
268
268
268
268
268
268
268
268
268
269
269
269
269
270
270
271
271
271
271
272
273
274
275
275
277
277
278
279
279
280
281
281
281
282
282
281
280
276
276
276
276
276
276
276
276
276
276
276
276
276
276
268
267
266
266
266
266
266
266
266
266
266
266
266
266
122
122
122
122
122
122
82
78
76
75
75
75
75
75
75
75
76
76
76
76
76
76
76
76
77
77
77
78
79
80
81
83
83
85
85
87
88
90
94
94
94
94
95
95
96
97
97
99
99
101
101
103
104
106
108
110
111
112
113
113
114
115
115
115
115
115
115
115
115
115
115
115
116
116
117
117
118
118
119
119
120
120
120
120
120
120
120
120
120
120
120
120
120
120
120
120
121
121
122
123
124
126
180
181
182
183
183
183
184
184
184
184
184
184
184
184
184
184
184
184
184
184
184
184
184
184
184
184
184
184
184
184
184
184
184
184
184
184
184
184
184
184
184
184
184
184
184
184
184
184
184
184
184
184
184
184
184
184
185
185
186
187
187
188
189
189
190
191
191
192
193
194
214
214
214
214
214
214
200
200
200
200
200
200
200
200
200
200
200
200
200
200
200
200
200
200
200
200
200
200
200
200
200
200
200
200
200
200
200
200
200
200
214
214
214
214
214
214
214
214
213
213
134
134
134
134
134
134
134
134
134
134
134
134
134
134
134
134
133
133
72
72
72
72
71
71
71
71
71
71
71
70
66
62
58
54
50
47
43
39
68
116
117
117
130
132
133
133
134
134
134
134
133
133
132
132
131
131
130
130
130
130
130
130
111
111
111
113
113
114
115
116
117
119
121
123
120
114
109
104
174
175
175
175
176
176
176
176
177
178
178
179
180
180
126
126
126
126
126
126
125
125
125
125
124
124
124
124
124
117
116
115
115
115
117
124
124
124
124
124
124
124
124
124
124
124
124
124
124
124
124
124
124
124
124
124
124
124
124
124
124
124
124
124
124
124
124
124
124
124
124
124
124
118
106
104
103
103
103
103
103
105
232
232
232
232
232
232
250
250
250
250
250
250
250
250
250
250
250
250
250
178
174
174
174
174
173
173
173
173
172
172
172
172
172
172
152
156
157
160
162
172
172
172
172
172
172
172
172
172
172
172
172
172
172
172
172
172
172
172
172
172
172
172
172
172
172
172
172
172
172
172
172
172
172
172
172
172
172
172
172
132
119
100
100
100
102
105
104
104
121
125
125
125
125
125
125
125
125
125
125
125
125
125
125
125
125
125
125
125
120
120
120
120
120
120
120
120
120
120
120
120
120
120
120
120
120
120
120
120
120
120
120
120
120
120
120
120
120
120
120
120
120
120
120
120
120
120
119
119
119
119
118
118
118
118
117
117
117
117
116
116
116
116
116
116
116
116
116
116
116
116
116
116
116
116
116
116
116
116
58
56
55
55
54
54
54
54
54
54
54
54
53
53
53
53
52
52
52
52
52
52
48
46
45
45
44
44
44
44
43
43
42
41
41
39
38
36
26
26
26
26
26
26
26
26
26
26
25
25
24
23
23
21
20
19
18
17
16
15
-74
-74
-74
-74
-74
-136
-136
-136
-74
-74
-74
-74
-74
-109
-109
-109
-74
-74
-74
-74
-74
-74
-74
18
20
22
23
23
24
24
24
24
24
24
24
24
24
24
24
24
24
24
24
24
24
24
24
24
44
44
44
44
44
44
44
44
44
44
44
44
44
44
44
44
48
50
51
51
52
52
52
52
52
52
52
52
52
52
52
52
52
52
52
52
52
52
188
188
188
188
188
188
188
188
188
188
188
188
188
188
188
188
194
196
197
197
198
198
198
198
198
198
198
198
198
198
198
198
198
198
198
198
212
213
214
215
215
314
314
314
315
315
316
316
317
317
318
318
318
318
318
318
318
318
318
318
318
318
318
318
318
318
317
317
317
317
316
316
317
317
317
317
318
318
318
318
318
318
318
318
318
318
318
318
318
318
318
318
318
318
318
318
318
318
318
318
295
42
42
42
42
42
42
42
42
42
41
41
40
38
20
20
20
20
20
20
20
20
20
20
20
20
20
20
-10
-10
-10
-10
-10
-10
-10
-10
-10
-10
-10
-10
-10
-10
-10
-10
-11
-11
-11
-11
-12
-12
-13
-13
-14
-26
-27
-28
-29
-29
-30
-30
-30
-30
-44
-93
-38
-39
-40
-41
-42
-43
-44
-45
-47
-122
-131
-131
-130
-96
-62
-61
-61
-54
-48
-46
-46
-45
-45
-44
-44
-42
-36
-34
-33
-32
-31
-31
-30
-29
-28
-27
-26
-25
-24
-24
-24
-24
-24
-24
-24
-24
-24
-24
-20
-17
-16
-14
-13
-13
-12
-12
-12
-12
-12
-12
-12
-12
16
18
19
19
20
20
20
20
20
20
20
20
20
20
20
20
28
28
28
28
28
28
28
28
28
28
29
29
30
30
31
31
32
32
32
32
32
32
31
31
31
31
31
31
31
31
32
32
32
32
32
32
32
32
32
32
32
32
32
32
32
32
32
32
32
32
33
33
33
33
34
34
34
34
34
34
35
35
36
36
37
37
38
38
38
38
38
38
38
38
38
38
38
38
38
38
38
38
37
37
37
37
36
36
36
36
36
36
36
36
46
48
49
49
50
50
51
51
52
53
54
56
57
57
58
58
58
58
58
58
58
58
58
58
58
58
90
90
90
90
90
90
90
90
90
90
108
108
108
108
108
108
108
107
107
107
107
106
104
47
42
36
31
25
19
14
8
3
-3
-9
-14
-20
-25
-31
-37
-42
-48
-53
-59
-65
-68
84
84
84
84
84
84
84
84
84
84
84
84
84
84
84
84
84
84
84
84
84
85
85
85
85
86
86
86
86
86
86
86
86
86
86
86
86
86
86
86
86
85
85
85
85
84
84
84
84
84
84
84
84
84
84
84
84
85
85
85
85
86
86
86
86
86
86
86
86
86
86
86
86
86
86
86
86
86
86
86
86
86
86
86
86
86
86
86
86
86
86
86
86
86
86
86
86
86
86
86
86
86
86
86
86
86
86
86
86
85
85
85
85
84
84
84
84
84
84
84
84
84
84
84
84
84
84
84
84
84
84
84
84
84
84
84
84
84
84
85
85
85
85
86
86
86
86
86
86
86
86
86
86
86
86
86
86
86
86
86
86
128
132
152
156
202
206
222
222
222
222
222
222
222
222
222
222
223
223
223
223
224
224
224
224
224
224
225
225
225
225
226
226
226
226
226
226
227
227
227
227
228
229
228
228
228
226
216
216
216
216
-6
-6
-6
32
32
33
35
36
37
50
62
62
62
62
62
62
62
62
62
62
62
62
62
62
62
62
62
62
62
62
63
63
63
63
64
64
64
64
64
64
64
64
64
64
64
64
64
64
63
63
63
63
63
63
63
63
64
64
64
64
64
64
64
64
64
64
64
64
64
64
64
64
64
64
64
64
64
64
64
64
64
64
64
64
64
64
64
64
64
64
64
64
64
64
64
64
64
64
64
64
64
64
64
64
64
64
64
64
38
38
37
37
14
-9
-9
-9
29
148
182
211
213
214
216
218
219
219
220
220
220
220
221
222
222
223
224
224
224
224
224
224
224
224
224
224
224
224
224
224
102
102
102
102
102
102
102
102
88
88
88
88
88
88
88
88
88
88
88
88
88
88
88
88
88
88
88
88
88
88
88
88
88
88
88
88
88
88
88
88
88
88
88
88
88
88
88
88
88
88
88
88
88
88
88
88
88
88
88
88
88
88
88
88
88
88
88
88
88
88
94
97
98
99
100
100
100
100
100
100
158
162
238
241
242
243
244
244
244
244
244
244
244
244
244
244
244
244
224
224
224
224
224
224
224
224
224
224
224
224
224
224
224
224
223
223
223
223
222
222
222
222
222
222
222
222
222
222
222
222
216
214
213
211
211
210
-72
-72
-72
-72
-72
-72
-72
-72
-72
-72
-73
-73
-73
-74
-75
-75
-75
-75
-76
-76
-76
-76
-76
-76
-76
-76
-76
-76
-76
-76
-76
-76
-76
-76
-76
-76
-76
-76
-77
-77
-77
-77
-78
-78
-78
-78
-78
-78
-78
-78
-78
-78
-78
-78
-78
-78
-78
-78
-78
-78
-78
-78
-78
-78
-78
-78
-78
-78
-77
-77
-76
-76
-75
-74
-73
-72
-10
-8
-6
-4
20
24
88
88
88
88
88
88
88
88
88
88
88
88
88
88
88
88
88
88
88
88
88
88
88
88
88
88
88
88
88
88
88
88
88
88
88
88
89
90
90
91
92
92
92
92
92
92
92
92
92
92
92
92
128
132
152
152
152
152
152
152
152
152
152
152
152
152
152
152
152
152
152
152
152
152
152
152
142
142
142
142
142
142
142
142
142
142
142
142
142
142
142
142
142
142
142
142
142
142
142
142
142
142
142
142
142
142
142
142
142
142
148
148
148
148
144
143
142
141
141
140
139
139
139
139
138
138
138
138
137
137
137
137
136
136
136
136
136
136
136
136
136
136
136
136
137
138
138
139
139
139
139
139
138
138
138
138
138
138
138
138
138
138
138
138
138
138
138
138
132
132
132
132
132
132
132
132
132
132
132
132
132
132
132
132
132
132
132
132
132
132
132
132
131
131
54
54
54
54
54
54
54
54
46
45
44
43
43
43
42
42
42
42
42
42
42
42
42
42
42
42
42
42
42
42
42
42
42
42
42
42
42
42
42
42
42
42
42
42
42
42
42
42
42
42
42
42
42
42
42
42
42
42
42
42
42
42
42
42
42
42
52
52
52
52
52
52
52
52
53
53
54
55
56
57
58
58
58
58
58
58
58
58
-10
-12
-13
-13
-14
-14
-14
-14
-14
-14
-14
-14
-14
-14
-14
-14
-15
-15
-16
-16
-17
-17
-18
-18
-18
-18
-18
-18
-18
-18
-18
-18
-18
-18
-18
-18
-18
-18
-18
-18
-18
-18
-18
-18
-18
-18
-17
-17
-17
-17
-16
-16
-16
-16
-16
-16
-16
-16
-16
-16
-16
-16
-16
-16
-16
-16
-16
-16
-16
-16
-16
-16
-16
-16
-2
2
32
34
34
34
30
30
30
30
30
30
29
29
28
28
27
27
27
27
26
26
27
27
26
26
26
26
26
26
26
26
26
26
26
26
26
26
27
28
28
29
30
30
30
30
30
30
30
30
30
30
30
30
30
30
30
30
30
30
30
30
64
68
92
93
94
94
94
94
94
94
94
94
38
38
38
38
38
38
38
38
38
38
38
38
38
38
18
18
18
18
17
17
17
17
16
16
16
16
16
16
16
16
17
17
17
17
18
18
18
18
19
19
20
22
30
30
30
30
30
30
30
30
30
30
31
32
32
33
34
34
34
34
35
35
35
35
36
36
36
36
36
36
36
36
50
54
74
74
74
74
74
74
74
74
74
74
74
74
73
73
73
73
72
72
72
72
72
72
72
72
72
72
72
72
72
72
71
71
70
70
69
68
67
67
67
67
66
66
66
66
66
66
66
66
72
72
72
72
73
73
73
74
75
76
88
90
91
91
92
92
92
92
92
92
92
92
92
92
93
93
94
95
95
97
97
99
108
110
111
113
114
116
146
148
148
148
148
148
148
148
151
155
180
180
180
180
180
180
180
180
180
180
180
180
180
180
180
180
180
180
180
180
180
180
188
192
226
226
226
226
226
226
226
226
226
226
226
226
226
226
226
226
234
234
233
233
233
233
232
232
232
232
232
232
232
232
232
232
232
232
231
231
182
180
178
176
175
174
173
173
172
172
173
173
173
173
174
174
174
174
173
173
173
173
172
172
172
172
173
174
175
176
177
177
178
179
179
179
180
181
182
183
183
185
185
187
187
188
189
189
190
190
190
190
190
190
194
196
197
199
-14
-14
-14
-14
-14
-14
-14
-14
-15
-15
-15
-15
-16
-16
-16
-16
-16
-16
-16
-16
-16
-16
-16
-16
-16
-16
-16
-16
-16
-16
-16
-16
-16
-16
-16
-16
-16
-16
-16
-16
-16
-16
-16
-16
-16
-16
-16
-16
-15
-15
-15
-15
-14
-14
-14
-14
-14
-14
-14
-14
-14
-14
-14
-14
-14
-14
-14
-14
-14
-14
-14
-14
-14
-14
-14
-14
-14
-14
-14
-14
-14
-14
-14
-14
-14
-14
-14
-14
-14
-14
-14
-14
-14
-14
-14
-14
-14
-14